11996314
35633477
19983819
6707734
33107915
764270
17251729
17827723
33027616
24419633
30302554
19964138
11665760
21558256
30518572
5186317
6477312
24075325
5226360
4154510
33109136
5975479
689218
17761185
19098820
20031892
33096029
40524554
22730080
4176730
15712099
26027507
22881023
7778188
26140503
34697853
7529623
28778052
26250538
33035049
14200662
783062
35501219
4888467
4491923
28020208
33122392
11095988
14017216
10894051
5944254
24529976
35935791
25457177
19637089
22155951
25120563
6779432
19539481
37527491
8977318
18032833
26626389
3442959
32763899
6414102
33410105
5407796
15751044
32492510
36911121
34991175
3865683
1690099
14913654
24288814
13568170
19577917
14720597
3612175
14024500
33166179
16117147
32308005
19433894
26888403
36384833
17742497
30732135
32796744
36879054
25998708
26090626
24440018
23162538
19793862
13925710
18282451
5887273
33030479
6944573
19855564
34439564
25107781
19954397
13279613
34026826
13896478
24052185
24244084
5713112
22726458
35249995
33130458
13245126
20250266
30334731
18098742
13930901
29624775
32287991
34058788
17947559
33825169
21703407
20026985
40439223
22413685
32482865
23620870
8004936
29481074
34280550
37517414
1942084
28265800
25264659
859019
17745348
13546292
33224009
10691883
32809821
31234716
23761373
25774320
24577248
22682186
18192295
14946143
13555412
3258910
420747
22476152
33738608
24880029
17857390
6089035
16671182
26595984
24307238
11616527
889597
24418884
3837683
9686041
32009832
35153852
2523891
22645030
15749560
23439675
36408159
2087170
19022931
24402338
15711876
6592682
757748
40627308
22844855
25507745
17869884
26450591
23479876
14233301
31371261
34864833
4155057
4196590
32831153
24420373
19088564
32416475
33773403
39656485
6090114
35155741
24113632
23666024
30163522
23393157
26965328
38738600
5939913
33249200
17761187
40995067
25873285
33786406
14884532
35058113
24706759
14769057
19130725
4562252
37240520
18081866
32810797
11407861
19898309
19497654
12304900
26882923
3778406
27823413
19231066
26302983
15638433
10110017
23056023
9932581
20015629
19135768
18506981
33959564
28536339
12162604
34934398
34019592
17924665
25305608
23872753
30389039
16123882
2254950
33036424
7235438
3402080
6510692
2609632
22879864
4012548
41161785
19539856
24380775
34072073
35223590
2721442
986792
18958420
20756679
23439524
27178222
10451825
4118512
10722043
22240919
30530841
986793
32757261
6175335
6393032
6224037
18532289
1056230
18680235
24012285
32323281
25967565
30124636
33659143
3358904
27590396
15712018
24649072
12591526
19978687
13925407
18754541
11621670
32581740
33703123
13242020
34501647
25510823
25099996
27213281
24668471
14498633
1178586
13220553
23203318
19760177
27834604
13523742
