11996314
764270
33107915
6707734
35633477
21558256
19983819
17251729
5226360
19964138
17761185
15712099
30302554
4154510
24419633
689218
30518572
34864833
3034937
7529623
33109136
4176730
6477312
4491923
19098820
24075325
17827723
6779432
783062
22730080
24529976
4888467
20031892
11665760
8977318
6944573
10894051
3442959
14017216
5186317
33035049
3612175
19637089
11095988
18282451
19577917
24613897
26027507
22881023
26140503
26250538
24440018
3865683
13245126
1690099
32416475
28020208
22155951
5975479
28778052
5887273
37527491
9686041
25457177
33027616
35935791
26626389
13896478
34697853
5407796
14720597
35501219
33122392
14913654
6089035
420747
889597
33096029
36879054
25120563
14200662
15751044
24244084
14024500
32763899
19855564
757748
5713112
33166179
10691883
13279613
3258910
7778188
4118512
23666024
19793862
24288814
6414102
5944254
25107781
32492510
19954397
13930901
16117147
30732135
6224037
32308005
2254950
26450591
29624775
28265800
19433894
986792
26090626
20250266
17742497
13925710
33030479
2523891
9932581
18081866
23620870
25998708
4155057
26888403
22413685
22726458
12304900
21703407
2609632
33825169
18032833
34991175
30334731
13546292
3837683
21538669
23439675
34237096
14946143
11616527
10110017
859019
15749560
17761187
34934398
24577248
36911121
32796744
17745348
22844855
2087170
14884532
986793
8004936
34026826
37878476
33224009
34439564
20026985
33130458
36384833
6510692
32809821
19135768
34058788
37517414
15711876
17947559
23479876
31234716
3402080
1056230
19231066
4196590
4562252
24971821
34280550
13568170
10722043
10451825
24012285
32482865
30163522
32009832
18098742
3778406
22682186
27024601
34019592
6090114
24052185
13877240
16671182
25774320
15038347
33738608
5662519
24307238
2471652
12826008
23761373
23162538
25264659
17869884
26118466
18192295
35155741
22809780
25507745
24706759
13555412
11407861
27346126
1178586
33773403
33786406
32810797
28536339
35058113
22476152
13523742
30124636
4012548
32287991
24402338
25759987
30530841
35740630
22645030
12162604
1922203
17857390
35153852
33490040
12323691
19088564
23056023
13220553
23439524
14769057
8854789
6820209
22879864
26595984
19022931
31526109
19539856
24420373
16123882
19455745
7832759
18532289
8980084
17577665
24380775
17312385
15712018
20015629
13488347
30024892
33307251
15638433
23203318
23393157
18931353
22240919
19898309
4590710
27823413
4813182
18958420
27178222
24418884
11447875
1671361
12324466
24374063
32831153
32757261
12591526
1942084
7235438
26302983
19978687
25873285
13925407
35223590
20756679
24292040
24015466
2721442
30389039
1457775
17924665
23199285
5939913
3358904
1269631
18299211
5465157
18866758
5037243
6737764
12958579
34263998
35345154
19178363
32681055
27834604
25941553
27674917
35647994
39479270
31272281
35089506
24343245
35380221
26704833
27247679
15352940
14190530
26495938
35420742
814714
36025587
6884843
32777319
19645895
27700480
18554786
36146757
31682991
24116811
37010070
25711568
35632534
25510823
33360950
35631703
11621670
18506981
38059282
24882886
34418514
10645622
31371261
6322752
27712013
34208789
31709167
36720931
36226538
23282460
11490870
34414125
33177835
32228952
19093755
34860206
10032192
10705345
33768913
24150287
33245101
26555427
36408174
34958991
9427127
17991264
34168782
35902141
37182583
5177650
17935427
9019722
19633928
19393895
24091460
5694006
36073610
21508322
2663589
35115840
37296164
32236800
13871239
24082108
29774427
37199164
25019562
11151968
5941318
11447854
34108465
34439943
32604127
32946792
34145647
24596500
11097935
35925114
29087686
32370665
4195793
34556161
20236711
6114777
33821859
12179505
27447526
6141174
35632948
37469214
5730886
7926655
17861791
33821283
32866323
16360448
17637199
11567828
37552185
33708546
28446946
16863122
24181478
37039972
15046185
25511560
18427650
10557198
36316428
16159628
2404792
20325349
27678728
27651316
35003145
33163830
34324285
32177959
36930322
32391573
25241900
17231912
13896988
31264807
16436464
3872528
36248524
4834317
36863757
33545955
25400420
18232589
33959564
6692053
27007634
23622487
26533153
25001497
34625630
24183029
34058816
18269035
15977408
22632629
33820633
34798239
2796266
20966237
33677602
27514737
24952353
7951786
24771373
23658080
33962126
19780442
17748696
19444035
23658506
12296851
19596643
22502182
24180589
4625604
35958058
12019231
26581222
28086567
13944920
6847066
34301406
19353930
22442843
23162432
35836604
81177
27305998
32973399
33816285
19772774
23239206
20274665
14845289
21955426
27428981
7553251
36125640
18622157
14727049
26488782
2287961
27540624
29233846
32584029
37354087
33036873
33949432
17363866
33703123
38334829
35585795
15867453
22428391
20053597
24090829
2214218
4500191
904593
37106573
14712428
28901280
33290814
24018589
19005166
35969310
2125057
32905025
19580360
36576386
26894195
36565160
2610817
13585365
33679437
34501647
20808659
27673514
25705514
26269102
27485122
991853
33728129
36384943
28785237
12893794
23932645
6927472
11425321
33658162
25095124
25277077
27305215
34365918
34464107
24550491
34891221
24214382
6929409
14830092
13394890
1377887
33467767
26878085
13211027
26217830
33041838
27293978
10778210
32592730
22964034
6803646
7726358
35421336
15050347
20079264
19080310
25943009
13523948
35151250
31467318
35298486
14484358
814048
6472978
25027177
27689288
24740421
23213847
25723166
7235175
25909697
23246044
16851510
37363197
33700973
13394125
14333031
20027198
28145512
14318381
32602881
38055512
24600686
33370777
2235794
13671679
16912123
26712011
23817446
35766571
18961915
32667873
36261274
13163205
27842149
3328802
25970167
31741171
10568079
17276794
27306232
26592738
35382410
27321991
22670939
23845883
6768718
23569898
4320421
25438695
25670803
26099017
16413064
34394851
32306522
15001455
31532408
6145097
1005244
33125002
19966863
25437776
22598585
25525790
34355513
7445460
26792218
26284895
3621102
36199760
19515899
34310544
2287964
28031863
33336679
37324752
28279024
35589536
32989418
19205555
6192593
19254627
7374750
13276131
34408831
24353199
3119166
23432369
31069893
18754541
28099352
37561144
1420140
6023464
25974894
22559264
35836199
13630498
24084125
24955934
34816646
32201446
33958878
27429011
5926135
3313112
26423043
18683297
1809072
27424558
18178578
15914903
32154254
17162788
26317127
3715385
8835128
6462934
7047935
11807210
35531890
1210550
747824
21485255
35031035
36864579
22163370
35992910
23801469
32298672
19435138
23176356
27305765
12438323
36657059
972832
36226502
9380999
34136784
35006459
25995574
9442944
19908074
34452492
27260028
36656576
36008330
29868149
27162350
25487735
12573684
10656712
33670361
13661173
17906219
18643855
14206401
30287170
22643662
26100866
6768998
14793468
36333334
38666125
28149146
6229302
17742848
29903075
36800025
27677531
4232970
35630937
32758190
29771330
20528151
31549148
24775407
34204185
35141410
13853597
18860485
14007594
14772992
23747223
18504754
12486756
33764225
18680235
15258145
35064191
36401751
35748898
34568729
17130692
25414814
32550950
24460524
33510147
37455081
32155762
30836149
17323424
27872097
36164378
11027969
25163158
12995362
33063754
27495296
24763332
31639583
4528339
31462690
18680777
13285070
13262527
39525095
36587484
7451575
15668329
35670849
18522803
16550261
27378166
17550859
34829121
33394245
18234712
18625555
36802124
37681888
18677027
24246785
12194902
28122589
16729681
7455607
20653509
36796917
24261194
34323199
32890009
33492011
24306754
35476277
29869578
31553836
36744046
33629829
32399200
18087316
36498353
23286746
31275936
19667381
22974326
36014415
26633858
20768012
33325561
14161116
22501061
33646952
3070331
17376450
15980143
13271310
28304816
36664732
15977558
14368283
20595631
22030319
35957829
16746643
36336543
15997689
30029757
25969538
17458160
34888418
34888852
36678424
26046798
29503887
9212963
1159613
28779117
22800491
3838303
11059164
37115079
27871351
9671607
16481379
37119798
35867175
32321212
24052148
16717835
37175358
34116801
29642211
26130376
15203112
8177554
15216563
21581934
34133331
19866203
35612451
25666902
34474886
11122165
25961340
31982084
36802709
21994384
19130725
22786234
5988708
31603885
32458527
26507475
22464683
37119435
12822268
13261594
37202792
23329289
36730065
2275847
18884968
19153003
26133008
26986476
21600194
23875483
23303851
25674742
34199265
3917698
6097556
24635828
5254184
35261918
36025774
17781417
22810508
6741077
31465593
26769132
2482366
18044771
32345545
8857567
16022278
35902052
7659906
35899281
27432775
9179577
6933763
19394565
25722718
33190184
34056272
1343795
12868589
35856930
24949961
24554037
25483458
13971105
15216747
448410
16474923
18854136
6308800
24383479
34118192
9335932
34197995
19164634
30330455
34468194
5908289
26673503
35366195
4506701
6817285
29976835
6891735
10483195
7668608
30164442
2570928
34592236
7550855
821617
36128095
21918838
24283460
10501988
29230645
22510209
18607204
1980734
23875426
37318795
22503854
10959777
39120340
34118839
19359732
21102947
26775665
37384132
36914543
1153213
33700133
22510427
12818732
24984235
22259006
33441527
31682742
33900527
10592992
33921278
14822836
33829234
35722077
8987230
26046184
35102096
33218738
10378830
17786588
25053862
6302299
37050461
38323152
16821277
29505884
30076653
25132820
34364301
25962678
6736660
35487250
588415
35660206
37167887
22913113
9656230
34163054
17667009
36478822
33425332
36589152
18641356
26119525
17348903
22677469
1971124
21366231
21402317
29050842
31936611
6761038
18248025
6633057
34761789
13779138
35535712
6890507
34897379
1033859
34523276
36406698
19760177
32677811
12335582
32483643
34741927
11052284
5910479
28998138
29345636
3321654
34014544
23478766
17601154
19362740
11027950
30544587
24459129
30270339
17827850
12558705
25729316
18032293
33129882
16881608
6580533
1300527
16904283
34484693
29047472
24649072
29424771
19418648
20636992
27462237
21945353
33017509
30191895
452756
34997177
26449301
19763107
3129247
12618932
14907108
33299400
12397923
24457052
25530722
29384753
16425484
24684442
6082513
12058990
4331835
22770927
17133453
33002176
35766689
13763423
33981087
26965328
36663492
36478887
32296603
18662782
19474372
17949219
34411326
19975369
13407217
33209427
35185445
14104334
16943412
11648209
27221837
10957497
22355231
20202314
31375052
18352345
13244397
34490523
23375114
32661123
4595329
33807321
7230666
6140652
33144626
14675331
32814453
19155601
13572172
33576613
2611447
29914136
10976506
23071978
25792556
13995882
34301265
30120295
19090557
34737257
26553590
29362773
15056265
3494033
12466580
6709784
2251582
14132429
4154412
23867926
661817
19172605
1941815
17925625
18429855
20662173
18716155
30189049
34767732
23102950
18354099
35261624
23443592
33487530
25450449
167933
13088706
580598
19539481
29771787
33659143
33208722
24512297
17497542
33615421
13648760
6709746
11386871
33869989
29431407
18944220
32851729
13779656
6398187
37543437
5465293
24408834
33267898
24390460
14160944
22966894
24884275
35128795
21562585
7943588
35126807
6208078
19067258
29875732
27132422
34610838
34138299
35223710
36595740
24517865
974270
37308424
33846844
28146385
8640448
19992615
16292532
28102129
22008265
33755935
33811849
34008533
32864163
26215791
23692234
35214306
1270312
29812170
13219734
24369038
25135147
17932073
13089976
35029725
19405932
24354830
26097787
7057269
33991643
17966798
24752604
33683968
32308370
10603908
26590375
4744349
28911939
14217056
35674435
37173841
13195049
18833057
29513122
14711833
6061088
10998859
1366761
2626852
33361750
19603059
21199450
35986287
33909925
34140317
33847385
19621194
34356304
15610161
18661579
30400199
15276459
13589839
24537642
19960108
17842221
31276040
25098399
11448802
397077
28180665
25134320
17519999
33176461
20852150
25099996
34772572
33441855
10977002
8098426
11201172
25696039
2264758
34659340
991523
34970849
6880858
19007339
3527668
31381296
36404177
25419966
23741633
11097045
31035698
35760940
36587025
5957627
25900472
37084206
13529367
33005338
12306081
22628394
1971242
16120705
32348334
3249298
17664069
24888110
17870070
25336958
27745023
25863259
23644958
18592531
12486221
19449442
25426677
6112699
18372657
34072073
25616838
32433357
32851235
32117595
7471864
20123767
4857191
23761390
34010055
24840241
25571256
33193714
14244412
13310821
13029228
14791729
24668471
27740151
19815579
19157771
34580425
22465318
18307093
3309780
31504908
17279279
28329812
15120585
31459707
20283205
27230350
36762936
13206116
13177786
22218128
27104926
30117252
16775356
2514750
33331119
16607978
2723984
2736158
1463288
3815198
22038652
33764319
32226519
2945110
19406749
24641237
6541550
33288813
18615144
33177454
11985499
19613767
326255
35905143
17588459
16563048
33654298
5965849
26359756
23249358
20663706
35611394
27362147
13913821
16607494
977184
24941944
23483120
36523453
18388109
35215628
28064238
35303463
24911748
18000999
32030515
19996375
35454461
34428849
13949121
19450971
20737750
18038336
5814114
31283658
32805194
14097529
2576543
37153154
18288635
18926816
16269007
32865303
4599877
36347477
33571396
28283553
36616407
24196956
35155447
23483457
5645334
18984580
17341198
22858039
21225416
26187040
21444110
18990678
2663128
16920915
25409735
18809050
35623388
9569647
27835800
32229091
34676727
21508115
18510627
19544169
37289469
16791348
4361241
34376863
33389062
20702717
24988996
8584758
33288916
3187289
25532605
23655138
26288325
35723344
18281445
13708996
5925147
18437536
13536489
21578161
17903266
36344393
25039605
5076666
25162205
14681128
18121550
38041748
34104035
26092034
33285577
4574103
24145066
26214801
16365203
28307724
38223962
35833777
27489331
32951199
32122200
17975202
33987099
24512117
17425928
32311993
18802187
37169576
35336014
23872753
26730483
33445042
24151939
3540206
32198279
10981219
18322507
20061378
35218613
27320179
4246622
23683186
21199768
21199841
9354615
21622561
31618376
36972660
5251812
10611097
8060459
32057851
36754237
26021608
34434432
19345165
37117250
21389611
36839472
18583928
21520465
27974624
21807694
21932108
20614265
23816806
16026661
21880470
8561628
29775799
4154478
6023529
29582204
24283798
28066087
34357419
29890659
11032678
24082618
19139572
29811354
33603964
23537684
35715010
5912364
21875355
31286601
34735467
7129050
24190849
12659314
21494028
26548193
19447629
29347757
21429924
14678607
11215838
30491381
21290467
37819897
12958378
26882923
13027334
21619571
11595670
29812954
9181834
27108648
5684781
35702562
37713827
27294428
27103092
20019122
35480816
20880972
33762166
33488735
32997303
29171762
18243928
31534021
27108443
35740124
83513
11010746
25305608
20430498
26082765
35702954
30552280
36108398
25525128
23850122
16106228
21000507
2516871
15884300
19052370
31469010
35800449
24522365
24441740
25797733
14929641
25793292
7879353
35634760
4036237
22122476
13858377
16413743
8876956
33005103
36065218
31276322
6213126
11565214
12799266
25867340
11324744
32603857
34769507
29816599
23976333
16997444
24420492
24330825
3764240
964600
22926995
19236253
2402006
18203180
17382337
5301160
36748045
35279483
17666249
34759570
6737957
36015908
20942330
36102326
11404748
17267576
19807741
33581972
18437671
37181709
31915975
32034266
20496330
26987863
33036424
4928176
18764434
35667252
17764704
25887049
32155197
8433008
33865526
4171525
11457191
35822194
4690117
18704016
31710346
22475681
12307255
106912
14073813
3769488
2290664
14784236
21744564
31977918
17601863
24302704
18753379
31561814
18337925
19871179
36928488
24975226
34358294
5263938
36582758
17501091
6789667
14320787
28785392
33285177
34769817
34559108
26156362
27217405
34525749
1064078
37303691
2264755
18470227
13469575
33066466
7587869
11337970
3435329
22940514
34900900
7487818
12355363
5891921
14229210
33908968
34031671
1440756
34031761
17791673
7588467
29365699
10568626
13945478
26622678
34031834
25225030
11584151
36969834
32713926
5667812
2656332
25350374
20878618
14591483
25925882
18116529
24902390
24456552
18134367
34356693
17952184
18248489
37261880
5612534
588117
35706667
33724424
6407842
35711960
20064741
14836446
26214051
18666771
6145428
26445254
21432078
1437837
35069659
35884424
14139686
33961331
11621105
35750860
18762774
26674260
24305906
13277040
15763782
34894402
