11996314
764270
33107915
6707734
35633477
19983819
21558256
17251729
19964138
5226360
30302554
17761185
15712099
24419633
4154510
689218
30518572
34864833
4176730
3034937
7529623
33109136
6477312
19098820
24075325
4491923
17827723
6779432
24529976
783062
22730080
20031892
11665760
4888467
8977318
14017216
10894051
5186317
6944573
33035049
3442959
19637089
3612175
11095988
24613897
26027507
19577917
18282451
22881023
28020208
26140503
26250538
33027616
37527491
3865683
13896478
22155951
28778052
5975479
9686041
13245126
34697853
24440018
26626389
1690099
5407796
14720597
35501219
25457177
32416475
33122392
25120563
35935791
14913654
5887273
6089035
14024500
32763899
889597
33096029
36879054
420747
14200662
19855564
15751044
5713112
4118512
7778188
3258910
33166179
757748
6414102
24288814
23666024
13279613
5944254
10691883
19793862
24244084
32492510
30732135
32308005
16117147
25107781
19954397
6224037
13925710
18081866
20250266
17742497
29624775
33030479
26090626
2523891
2254950
19433894
28265800
13930901
22413685
986792
34991175
25998708
18032833
26888403
22726458
12304900
23620870
2609632
4155057
26450591
33825169
14946143
9932581
11616527
21703407
30334731
13546292
32796744
3837683
21538669
34237096
23439675
36911121
15749560
859019
14884532
17745348
10110017
24577248
22844855
37517414
24307238
33224009
17947559
19135768
17761187
8004936
2087170
20026985
34026826
34934398
36384833
34058788
33130458
34439564
32809821
6510692
13568170
2471652
15711876
31234716
32482865
19231066
986793
24971821
23479876
4196590
22682186
25774320
18098742
13555412
10451825
4562252
34280550
15038347
1056230
18192295
3402080
33738608
32009832
32287991
24012285
23761373
26118466
12826008
3778406
25264659
6090114
16671182
27024601
35155741
11407861
10722043
5662519
33773403
23162538
24052185
24402338
17869884
27346126
24706759
34019592
25507745
17857390
30163522
13877240
22809780
22476152
32810797
19539856
28536339
13523742
33786406
35058113
1178586
35153852
4012548
30124636
26595984
35740630
23056023
19088564
25759987
13220553
33490040
12162604
24420373
12323691
14769057
22645030
30530841
37878476
22879864
6820209
23439524
1922203
7832759
7235438
19898309
8980084
19022931
31526109
18532289
19455745
24418884
16123882
17577665
23393157
24380775
8854789
15712018
13488347
17312385
25873285
15638433
20015629
12591526
18931353
18958420
22240919
27823413
24374063
30389039
17924665
23203318
5939913
4813182
27178222
4590710
13925407
24292040
1671361
16425484
34008533
24015466
32831153
30024892
26302983
20756679
19978687
2721442
25098399
5037243
26965328
6737764
12995362
35223590
19815579
11447875
11621670
13220296
18299211
12324466
1457775
18506981
27700480
35257338
18554786
23817446
31682991
25711568
37010070
25510823
35632534
33360950
35631703
27247679
38059282
24882886
27712013
24116811
10645622
34418514
31371261
6322752
31709167
36226538
32228952
10032192
33177835
23282460
19093755
34860206
34414125
36720931
10705345
33768913
33245101
34145647
11490870
34439943
24150287
24596500
18248025
32604127
32946792
20236711
12486756
11097935
34556161
33821859
4195793
29087686
35925114
15046185
13871239
35632948
34062121
37469214
27447526
12179505
17861791
33821283
7926655
5730886
16159628
32866323
28446946
36316428
34798239
17764704
18427650
17637199
18607204
33708546
25511560
25722718
27678728
33820633
32370665
16360448
10557198
37039972
16863122
27514737
2404792
20325349
33677602
36146757
20966237
23658080
28785392
7951786
27651316
14320787
19780442
23658506
33962126
22502182
17748696
2796266
19444035
26581222
24771373
24952353
35836604
4625604
19596643
28086567
81177
12296851
21955426
19772774
23239206
27305998
13944920
12019231
23162432
6847066
32973399
34301406
19353930
25132820
12818732
22442843
33816285
26488782
27485122
18622157
36384943
14845289
2287961
36125640
28785237
991853
7553251
19463119
25277077
27305215
14727049
33658162
33728129
23932645
26269102
11425321
12893794
25095124
13394890
34365918
24214382
34891221
1377887
14830092
6929409
6927472
26878085
24550491
19080310
7726358
35421336
33467767
15050347
27293978
27842149
33041838
27321991
27306232
25970167
13211027
26217830
10778210
20079264
34464107
6145097
25943009
31741171
27428981
26592738
23569898
6768718
17276794
25438695
13523948
22670939
31532408
26099017
33125002
25525790
10568079
22598585
15001455
25437776
26284895
34355513
26317127
25670803
26792218
19966863
37552185
3621102
36199760
3328802
32757261
35958058
17162788
34310544
23845883
3715385
4320421
8835128
2287964
19515899
7445460
32306522
1005244
21485255
7047935
747824
972832
1210550
36864579
35531890
11807210
36226502
27305765
35992910
23801469
35031035
23176356
19435138
12438323
6768998
14206401
32298672
34136784
35986287
26100866
36657059
9442944
19908074
30287170
22643662
9380999
35006459
6189836
34452492
27162350
36656576
27260028
37285144
1156759
29868149
28031863
31682742
6308800
31728538
7990143
26495938
35420742
29903075
38666125
4232970
19178363
27674917
37296164
23943524
36173531
31272281
11567828
29771330
35345154
37455081
34168782
23246044
35141410
32758190
21508322
35380221
2214218
36800025
14772992
4528339
35630937
6692053
33163830
32177959
27495296
34208789
14190530
35089506
18232589
24343245
36587484
18683297
33394245
28180665
6884843
18680235
26704833
24183029
33703123
5694006
34108465
34816646
27677531
27834604
34204185
17742848
814714
27007634
36408174
31618376
33670361
27689288
25241900
37182583
26423043
28145512
36589152
29233846
35003145
31467318
34625630
31549148
36401751
32155762
36014415
32391573
25487735
17935427
16912123
32681055
19633928
37324752
903081
83513
13590354
34263998
35905143
33764225
25019562
25414814
24180589
33389062
7235175
32777319
33634074
25400420
33290814
14007594
24775407
18754541
26712011
25163158
14333031
35585795
32602881
11097045
18862508
12974592
30836149
39525095
13529367
29774427
5965849
13285070
25723166
25118327
6141174
18860485
22428391
15668329
26894195
5941318
11215838
11151968
28202360
35115840
20053597
36248524
25001497
15258145
32236800
36073610
18961915
6023464
35151250
11027969
35647994
15867453
35902141
10190253
27872097
34324285
37199164
24082108
38334829
23939683
33679437
16550261
36600583
32997303
24090829
10592992
19580360
19393895
19940058
24082618
13277040
11764243
37354087
9354615
32584029
34058816
24955934
19497654
33969660
33161858
26533153
22842890
17323424
14484358
33063754
32890009
24261194
17050333
11447854
35279483
27132422
25705514
34568729
1366761
36266976
25909697
23432369
25027177
33331119
22559264
1420140
16436464
31359181
7374750
36565160
31276040
16851510
15977408
27871351
27540624
6472978
13671679
35766571
18625555
24740421
18866758
35298486
24091460
16689767
16613880
18522803
32931594
18802187
18178578
33958878
34408831
6114777
13779138
34761789
36025587
30410839
22632629
22677469
21581934
21366231
28304816
32345545
33267898
3838303
11648209
34523276
452756
25053862
6580533
30270339
32950989
33144626
26046798
34610838
17827850
34133331
35612451
34474886
22030319
18696434
36663492
3129247
1269631
15976587
31553836
34897379
26673503
2482366
1300527
4506701
32158912
34997177
12618932
36034176
37317287
11052284
36336543
28435301
588117
25450449
18354099
18504754
33492011
19418648
18429855
33938502
5936257
23483120
6751472
33487530
13244397
23867926
17664069
33218738
656781
38323152
39479270
3537193
28433038
3202820
33981087
6709784
18677027
18352345
5177650
33002176
32122200
22475681
32661123
19763107
17231912
20507050
32296603
23009496
27462237
17786588
25729316
23747223
19157771
12558705
18615144
31982084
33425332
33629829
30330455
36802709
35215628
14711833
26512900
33209427
16881608
12659314
31469010
26449301
19172605
35476277
32814453
13570839
991523
36914543
28426575
33814709
15977558
34888418
12466580
33005338
22800491
11621105
25099996
23502169
36754237
34888852
24457052
8857567
4595329
30453094
2611447
2251582
13661173
34490523
10501988
19007339
7668608
26590375
19844362
18044771
24668471
17925625
19633328
34356304
36498353
34072073
19539481
29771787
19667381
33208722
34829121
31734956
24884275
20702717
23286746
14368283
20768012
14161116
24512297
22501061
13271310
13262527
13648760
24390460
11059164
33615421
6709746
34468194
35833777
14160944
9019722
974270
37175358
22966894
21600194
33325561
16481379
34116801
32321212
26986476
35867175
37308424
35223710
36595740
24181478
15216563
24517865
8177554
3070331
24052148
12822268
8640448
24383479
35702954
33846844
28146385
19992615
21199450
25995574
13089976
33847385
22008265
34118192
28102129
33811849
23329289
22464683
37115079
33755935
34199265
17932073
35029725
33683968
25674742
19405932
24354830
26097787
37119798
34434432
35856930
33510147
7057269
26130376
36730065
12868589
24752604
16607978
18269035
3540206
13971105
19603059
37119435
35382410
21199579
33190184
34197995
24554037
39120340
33361750
34056272
3917698
20274665
16474923
34140317
33909925
18884968
29230645
36008330
19621194
34394851
34772572
19164634
10611097
6803646
22510209
3527668
18854136
24949961
25483458
2264758
34118839
25696039
34659340
10977002
8098426
33700133
26133008
1343795
22503854
10959777
25962678
36404177
37084206
8778813
7471864
36406698
20653509
19474372
12306081
19857136
32851235
18237700
6061088
1463288
32667873
4905796
18280614
20123767
24888110
28557404
33288813
6547495
26688508
15463463
26678991
18307093
32677811
34580425
36523453
32030515
28149146
33285177
19176331
34010055
33299400
18680777
17633587
477314
19406749
13310821
18281445
22839799
8584758
25571256
24840241
23761390
821617
27740151
31459707
23478766
13195049
2945110
26359756
20283205
18592531
34428849
21470171
4857191
18833057
22038652
28329812
12768663
5988708
19362740
14244412
20663706
24600686
19613767
530911
22709200
2401531
23416789
23463750
17842221
26359148
19875559
37455110
3187289
37173841
33852995
20061378
28122589
11985499
31800739
28118916
18210895
32155832
27432775
34049072
22465318
33176461
18762774
17601863
33957213
17975202
33700973
19033552
25123993
13913821
33370777
20047413
28064238
19153003
19067258
13949121
24353199
7125309
32154254
1042293
31504908
3358904
32489900
1669999
32353276
12959393
12397923
32851729
31283658
580598
19691452
6112699
37153154
24522365
23644958
32226519
32805194
27230350
4599877
13574334
17341198
18984580
32865303
34484693
13219734
17093446
19960108
6208078
2576543
36195445
25666902
6880858
10998859
31035698
21225416
17279279
33936704
10378830
25974894
13708996
24084125
22858039
11448802
7019301
1270312
36520268
13407217
24988996
16607494
23655138
33571396
18990678
27835800
24641237
34634912
16887014
10429920
23970550
977184
34894402
16920915
23247907
38041748
26214801
15980143
34104035
33659143
36744046
16365203
26092034
38223962
28307724
24283798
17497542
27489331
24408834
37318795
32951199
15203112
34116563
25091355
23872753
31371708
37202792
33987099
37384132
16292532
35336014
37169576
26730483
33991643
33445042
19394565
15216747
37167887
36972660
34676816
23303851
23683186
13261594
19359732
21102947
5251812
22259006
22964034
1153213
24984235
33646952
25532605
